53 60
1 84 675
2 100 552
3 488 241
4 178 289
5 244 399
6 230 496
7 163 597
8 388 445
9 456 587
10 648 695
11 1048 1565
12 556 859
13 529 701
14 792 1088
15 274 1031
16 453 1155
17 125 722
18 153 669
19 94 629
20 185 617
21 69 540
22 126 566
23 164 525
24 224 553
25 249 514
26 280 465
27 360 503
28 207 294
29 341 351
30 378 294
31 471 288
32 560 345
33 456 559
34 439 583
35 389 689
36 326 800
37 54 851
38 240 952
39 329 1006
40 303 1058
41 327 1088
42 532 907
43 502 756
44 659 676
45 767 768
46 545 1209
47 603 1117
48 713 1169
49 753 1108
50 858 1124
51 757 1332
52 1033 1502
53 1012 1551
1 17
2 21
2 22
3 30
3 31
4 28
5 26
6 25
7 20
8 27
9 34
10 44
11 53
12 42
12 43
13 43
14 49
14 50
15 40
16 41
16 46
16 45
17 18
17 37
18 19
18 20
19 22
20 24
21 22
21 28
22 23
23 24
24 25
25 26
26 27
26 29
27 33
28 29
29 30
31 32
32 33
33 34
33 44
34 35
35 36
35 43
36 42
36 38
37 38
38 39
39 40
40 41
44 45
46 47
46 51
47 48
48 49
50 51
51 52
52 53